chr	start	end	s1	s2	s3	s4	s5	s6	s7	s8
chr21	5101659	5102227	0.255265783751383	0.461199405603111	0.214380425633863	0.157357535790652	-0.0508196079637855	0.57471465212293	0.568324852474034	0.359069356750697
chr21	5128223	5128741	0.82057468732819	0.935907306615263	0.669873244827613	0.871838073711842	0.314434259850532	1.11376879070885	-0.201683998834342	0.811070137713104
chr21	5154593	5155112	0.803780392976478	0.845293667865917	0.61775645124726	0.562044856371358	0.292827306268737	0.830998486932367	-0.0455098590161651	0.912760529723018
chr21	5220488	5221005	0.0458346307277679	0.716186716919765	0.0499997769948095	0.550689758267254	0.416342768538743	0.868463884433731	0.378648968385533	0.380216163406149
chr21	5221136	5221912	0.87553172186017	0.123806348303333	0.949398775584996	0.592365285614505	0.247422890691087	0.320629765372723	-0.139361177133396	0.758715502275154
chr21	5223327	5223826	0.128009089967236	0.594827461289242	0.582552031613886	0.727812862722203	-0.144323284784332	0.353609089134261	0.487315941806883	0.861531327534467
chr21	5225264	5225763	0.608831403544173	0.98985280143097	0.860954337054864	0.638925284612924	-0.194603690458462	1.0265497119166	0.343668774208054	1.10921089868993
chr21	5225980	5226479	0.469566873274744	0.6154084878508	0.51846724934876	0.614450164837763	0.0218342011328787	0.987522525573149	0.0628079091850668	0.515559697812423
chr21	5231270	5231769	0.55729108559899	0.273077666992322	0.266127483453602	0.0524168505799025	0.650963223958388	0.870627042464912	0.172056765733287	0.736752070309594
chr21	5232136	5232635	0.730392784578726	0.0637068431824446	0.597377663478255	0.565157752949744	0.0673462061211467	0.43106337110512	0.452728167846799	0.194991178633645
chr21	5236824	5237323	0.469858688767999	0.072303275577724	0.795576084172353	0.587341380305588	0.398600273253396	0.359990896750242	-0.057820332730189	0.560116141391918
chr21	5238136	5238635	0.988610059022903	0.873511214042082	0.689286037581041	0.62856707512401	0.408599697239697	0.64415031960234	-0.111498096520081	0.827621424626559
chr21	5242766	5243265	0.984668384538963	0.36282499670051	0.480631644604728	0.621890645008534	0.792158440407366	0.671752808243036	0.313444229979068	0.799607010148466
chr21	5251285	5251795	0.393284681020305	0.945622149156407	0.465929388767108	0.082270042039454	-0.00881003919057549	0.369831811729819	-0.116800899645314	1.0082921691332
chr21	5252012	5252541	0.608847137540579	0.558318939991295	0.618412335170433	0.0776426121592522	0.553390584606677	0.913106702361256	-0.126581914750859	0.307891796631739
chr21	5252639	5253184	0.345483730081469	0.512661150889471	0.449270514305681	0.687094689812511	0.0423873371444642	0.174519653059542	0.419925142051652	0.85335767111741
chr21	6369727	6370269	0.437112562125549	0.9477716635447	0.602707532700151	0.830303592374548	0.127452220022678	0.861485945153981	0.344042437123135	0.391607255265117
chr21	6370751	6371381	0.22913196333684	0.109801595564932	0.00460897409357131	0.145909875165671	-0.196464505326003	0.990887599159032	0.0855365195032209	0.776859541479498
chr21	6371685	6372189	0.00607224809937179	0.818907550536096	0.994994512526318	0.783530072309077	0.797424143599346	1.08082107207738	0.046009031329304	0.885069978712127
chr21	6372848	6373347	0.0238768882118165	0.377342106774449	0.406462448416278	0.486450079130009	0.238059504376724	0.812091647274792	0.412500789593905	0.718288147877902
chr21	6374197	6374716	0.0587584283202887	0.556641047820449	0.117951637133956	0.989265105454251	0.797688744915649	0.419942219369113	0.610757833551616	0.559521510088816
chr21	6374802	6375301	0.764575645094737	0.313871186692268	0.86953909532167	0.499104954535142	-0.00328083084896208	0.36823346032761	-0.168644384741783	0.888472405551001
chr21	6498996	6499495	0.46904400549829	0.0823428803123534	0.540192956570536	0.562260535079986	-0.0885232042521238	1.01781817115843	0.77233503616415	0.66370445728302
chr21	7258001	7259478	0.850831880234182	0.779937542276457	0.88159766793251	0.378257020609453	0.0507364505436271	0.174571551708505	-0.197912807138637	0.420807848041877
chr21	7260276	7260775	0.581719390582293	0.193234728416428	0.0375398390460759	0.518637197325006	0.480476603098214	1.00002672439441	-0.0401611109543592	0.644134696628898
chr21	7917333	7917832	0.186888262396678	0.655585467582569	0.88143396214582	0.0742837921716273	0.377254296746105	0.673933076998219	0.108692074865103	0.269191919183359
chr21	7951236	7951735	0.609060978516936	0.435147053329274	0.722349669784307	0.538472344167531	0.216347296210006	0.585462701832876	0.634895716765896	0.447680573733523
chr21	7952017	7952516	0.893341733142734	0.197148326551542	0.769810296595097	0.961061000823975	0.529181243572384	1.08129474646412	-0.0356396867707372	0.744080500733107
chr21	7952725	7953834	0.794321165885776	0.994660422205925	0.863593708956614	0.527810139581561	0.374189733015373	0.314550395915285	0.575356702525169	0.211759793162346
chr21	7955932	7956431	0.504092833958566	0.446742866421118	0.500742103205994	0.437159451888874	0.3776351490058	0.528788392059505	0.638852138277143	0.401102063767612
chr21	7957340	7958107	0.423028273740783	0.0314266642089933	0.925864024320617	0.0322669965680689	0.389999127434567	0.288044937048107	0.252019533859566	0.826393392225727
chr21	8228454	8228980	0.654381287749857	0.937016558134928	0.208074670284986	0.037734180688858	0.0229283400811255	0.299721077177674	0.428202839307487	0.906973771108314
chr21	8229271	8229794	0.887738514458761	0.870983954286203	0.0271055938210338	0.047348293941468	-0.0965077013708651	0.826447247387841	0.10504168455489	0.966862405473366
chr21	8230429	8230958	0.892016471130773	0.601246283389628	0.315793072106317	0.160959035623819	0.536506026936695	0.712116155866534	0.24613745810464	0.263208565358073
chr21	8758788	8759378	0.178390537854284	0.299015456344932	0.660112249664962	0.469097393332049	0.412403756240383	0.621648442791775	0.72240728369914	0.28874837147072
chr21	8772819	8773338	0.257502424763516	0.809346275171265	0.31469130073674	0.80592397483997	0.751212360523641	0.961100168619305	0.0254642986413091	1.13639556040056
chr21	8988639	8989180	0.113438504748046	0.952142385067418	0.944461387814954	0.280597516102716	0.759875865606591	1.11238853223622	-0.197542940760031	1.1208834078256
chr21	8989273	8989821	0.797158958623186	0.852053971262649	0.778970579849556	0.754783985204995	0.544836050085723	0.665409884043038	0.747071830527857	1.11145154159516
chr21	8989969	8995485	0.10953848878853	0.127309735864401	0.339431246276945	0.521825814852491	0.234830145677552	0.853722769627348	0.0400488569587469	0.839938648333773
chr21	8995702	8996499	0.829071694752201	0.968882349785417	0.481646264670417	0.288947193184868	-0.0252248626668006	0.330879510007799	0.434107216512784	0.346350366072729
chr21	8996900	8998206	0.771046296926215	0.557101008715108	0.415994798764586	0.0173772014677525	0.235288068838418	0.50496694711037	-0.144618762452155	1.10014366876334
chr21	8998359	8999059	0.943689404521137	0.00536444736644626	0.776333899470046	0.668349529849365	0.562458187760785	0.19990278929472	0.749246099004522	1.11206188780256
chr21	8999112	8999612	0.466957593569532	0.135763919679448	0.485427005914971	0.0669759646989405	0.719029311044142	0.302553702704608	0.698539323844016	0.359240613933653
chr21	9000611	9001110	0.939855647506192	0.00584710156545043	0.01529910415411	0.836386426817626	0.706697582919151	0.249271718645468	0.648152536218986	0.263367315577343
chr21	9001850	9002369	0.78518294240348	0.816874062176794	0.642451295163482	0.135343155823648	0.615512828994542	0.430148076126352	0.204378974828869	0.756228931071237
chr21	9007603	9008102	0.874607875011861	0.782163587864488	0.234829984838143	0.655878108460456	-0.000247057341039192	0.537450202135369	0.561031975988299	0.555405296906829
chr21	9008390	9009101	0.394462653435767	0.931066285818815	0.747025883058086	0.837947728810832	-0.150374414678663	0.784158786386251	0.079905892694369	0.650166618926451
chr21	9010362	9010861	0.0996991607826203	0.368689882336184	0.295607374515384	0.257647996069863	0.278948525618762	0.857063608802855	0.0694527884200215	0.65473691239953
chr21	9010940	9012414	0.27696142042987	0.974454874172807	0.906218191608787	0.135995285119861	0.390393368853256	0.476018318766728	0.779273833120242	0.96890710812062
chr21	9012670	9013169	0.722222051117569	0.823743681889027	0.853324017953128	0.763488414231688	-0.103379764175043	1.11518331510015	0.76703720793128	1.01366637629457
chr21	9014002	9015176	0.356305179418996	0.787448863266036	0.461963776964694	0.211996233323589	0.750890234904364	0.846454447461292	0.260046341195703	0.472355052186176
chr21	9015492	9016173	0.382711883401498	0.62282583466731	0.0713482482824475	0.26796959922649	-0.037256861384958	0.311078194156289	0.542275066226721	0.919978314135224
chr21	9026993	9027492	0.0319686508737504	0.967354928841814	0.577803724445403	0.531831194646657	0.721506262617186	0.519062241632491	0.108611925011501	0.685971685973927
chr21	9028432	9028931	0.521445286925882	0.49991849064827	0.579579334007576	0.474116867408156	-0.072224927181378	0.45221775919199	0.0162388472538441	0.256268301103264
chr21	9043116	9043615	0.121077910298482	0.893695599632338	0.993576776934788	0.373443664982915	0.462739590508863	0.607965767476708	0.397860030382872	0.227647830555215
chr21	9246176	9247473	0.885184176499024	0.401043246965855	0.335274414392188	0.775349928531796	0.584041927428916	0.973282746365294	0.120449265437201	0.427585074035451
chr21	9247493	9248001	0.0746462990064174	0.447541609639302	0.666801774175838	0.558203970082104	0.564613161794841	0.382539350865409	-0.1616089723818	0.408396110227332
chr21	9657708	9658267	0.784227946773171	0.93577908212319	0.938556001987308	0.155236621154472	0.472570310533047	0.552322225272656	0.761945822248235	0.612386274905875
chr21	9723502	9724016	0.854132302571088	0.683332197368145	0.574856834951788	0.989418448414654	-0.0843340976163745	1.12161280293949	0.468040121691301	0.739751633079722
chr21	9728525	9729039	0.0371781706344336	0.0181631301529706	0.691711413906887	0.24444643035531	0.651301487535238	0.274420745996758	0.642182220909745	0.903737604673952
chr21	9734108	9734607	0.275143509497866	0.165526717668399	0.0897585870698094	0.130378512199968	0.417961594834924	0.78029007660225	0.241695483652875	0.42999410867691
chr21	9735643	9736168	0.642069949069992	0.495834498899058	0.866459244629368	0.212681135395542	0.636411555996165	0.853867005882785	-0.0939728014916182	1.08568201312795
chr21	9737152	9737651	0.785078359534964	0.426535228034481	0.501139396801591	0.380004248348996	-0.0300717752426863	0.741200284194201	0.460295445257798	0.672623788062483
chr21	9738165	9738921	0.400062711909413	0.992053120629862	0.223256284138188	0.359621168812737	-0.189718779921532	1.1465162712615	-0.200051214806736	0.452847001897171
chr21	9744557	9745057	0.935302329715341	0.888950123917311	0.412419241620228	0.302662048954517	0.123469731258228	0.195336101436988	-0.0570413603261113	0.509918760331348
chr21	9750930	9751467	0.390516970772296	0.345755371265113	0.886306279571727	0.0443997136317194	0.069682724494487	1.14007253791206	0.67581583510153	0.85430197423324
chr21	9761102	9761601	0.423959307139739	0.705844125011936	0.495593437226489	0.934783352771774	0.625261356076226	0.895306309312582	-0.0668422554433346	0.918051361395046
chr21	9767456	9768345	0.286421701079234	0.908724687062204	0.672753727762029	0.568717029877007	0.733661737013608	0.586749597778544	0.0386415936239064	0.761435950929299
chr21	9772979	9773478	0.611748408526182	0.676292887190357	0.282504437956959	0.220802745083347	-0.0722085163462907	0.303006548760459	0.0240246802289039	1.0686950763315
chr21	9773695	9774194	0.558812738629058	0.63910027127713	0.817058302927762	0.877961175283417	0.713337606238201	0.598865175480023	0.0918649073876441	0.599203278832138
chr21	9823320	9823852	0.0399671350605786	0.149604527046904	0.2460994545836	0.467288806336001	0.405233947746456	0.336324712587521	0.00124668955802917	0.395395789584145
chr21	9837785	9839872	0.745281946845353	0.601125390036032	0.369646193925291	0.54234981467016	0.200285166455433	0.576548582501709	-0.189453157158569	0.660820417162031
chr21	9847269	9847768	0.206487420713529	0.272751235868782	0.235524395015091	0.78439817391336	0.465795303415507	0.970779866538942	0.6830366090592	0.569407775355503
chr21	9914065	9914564	0.656495965085924	0.457853371044621	0.93575692595914	0.647870272397995	0.567599277198315	0.200378914223984	0.739397464292124	0.437564962366596
chr21	9984806	9985305	0.522414671257138	0.222253093263134	0.415076828328893	0.144893147051334	0.321895700134337	0.475382151640952	0.722848661448807	1.11503252578899
chr21	10098006	10098505	0.633436584845185	0.254921516869217	0.137449405388907	0.321637377142906	0.194507517106831	0.992411929508671	0.233300039982423	0.656174706583843
chr21	10325591	10326110	0.617563133826479	0.653687727171928	0.914364723023027	0.951055582612753	0.765786833548918	0.190199792943895	0.217665002420545	0.203941683340818
chr21	10326297	10327131	0.284895547432825	0.471993161132559	0.347641376079991	0.188198490999639	-0.151014459365979	0.941872961213812	-0.169833852238953	1.13322473811917
chr21	10328346	10328845	0.223807222442701	0.160963035654277	0.852930875727907	0.750404248479754	-0.0466917283367366	1.1116284375079	0.139821268357337	0.564545655446127
chr21	10330199	10331851	0.539019355317578	0.272080334601924	0.142635178752244	0.459158475277945	0.496839065523818	0.810920487483963	0.676644064690918	0.198041535504162
chr21	10341803	10343013	0.996371977264062	0.712956093018875	0.359432870987803	0.141365048941225	0.527785873226821	0.158717419113964	0.151063167229295	1.1705245033931
chr21	10343075	10343602	0.328916536876932	0.613353652181104	0.245505067519844	0.205193076049909	-0.0916205845307559	0.615789224253967	0.283285011276603	0.567540055895224
chr21	10344210	10344714	0.323336088331416	0.132121966220438	0.0459059465210885	0.675293499603868	0.264568545576185	0.866613848693669	0.307599306078628	1.17586755478755
chr21	10345025	10345842	0.0353235178627074	0.0700072532054037	0.784547902178019	0.138030210509896	0.442125536222011	0.178182109817863	-0.0497299349214882	0.329616390690207
chr21	10346888	10348061	0.525611852528527	0.966265012975782	0.199171734508127	0.415543700801209	0.197110937861726	0.995482558710501	0.31859877679497	0.752218103092164
chr21	10349294	10349995	0.596806915011257	0.36827027797699	0.391850244253874	0.451247031800449	0.790430257050321	0.896415409026667	-0.10950655492954	0.984360194355249
chr21	10355212	10355747	0.742086659185588	0.677454084623605	0.323562244651839	0.622946569696069	0.478708809893578	0.41403076434508	0.394105034386739	0.383901368649676
chr21	10359423	10359922	0.95283712958917	0.845951730385423	0.602105905069038	0.251174297416583	0.115318457549438	0.895913676219061	0.324976426986977	0.90069850306958
chr21	10361645	10362144	0.489621237851679	0.241650385316461	0.541271679569036	0.464153463719413	-0.046230739960447	0.821582471346483	0.00762869251891971	0.755708020003512
chr21	10362762	10363261	0.0832873454783112	0.0351509910542518	0.990823732689023	0.165509229060262	0.101251735771075	0.322052733367309	0.681508652605116	0.200115733137354
chr21	10367430	10367929	0.259927998995408	0.595240236725658	0.25379104912281	0.857806453481317	-0.105484469374642	0.819716468313709	-0.021473563304171	0.446950867827982
chr21	10368492	10369001	0.874846625607461	0.836191128008068	0.735269893193617	0.156551897292957	-0.173124493146315	1.08035403150134	0.201812117565423	0.660981482882053
chr21	10384313	10384812	0.852059136377648	0.362249210244045	0.977608161047101	0.0883316337130964	0.110483304318041	1.00097475838847	0.664361858014017	1.11686274717562
chr21	10385334	10385833	0.842904664576054	0.332188533386216	0.558046241756529	0.893417771905661	0.542438868619502	0.931073235208169	0.018200846593827	1.1852919788193
chr21	10386141	10386716	0.946903674630448	0.64473633072339	0.392708159517497	0.300620508380234	0.760092212306336	0.835842331266031	0.0716305982507765	0.399982300410047
chr21	10400794	10401353	0.652681634761393	0.958615136798471	0.82468925928697	0.752086671069264	0.215802662726492	0.741369112022221	0.656395269529894	0.735186908217147
chr21	10401758	10402510	0.488155565224588	0.596203628461808	0.112384460866451	0.401606647996232	0.322235407261178	0.553273216914386	0.399072475004941	0.835392872393131
chr21	10402916	10403439	0.187756700674072	0.510280017973855	0.535777904093266	0.448558106087148	-0.132480271207169	0.278348112571985	0.637298753689975	1.09110798063688
chr21	10405372	10406314	0.71303306077607	0.155264135915786	0.443831584881991	0.159673980204388	0.429841805435717	0.97016446441412	0.257284332504496	0.92232174734585
chr21	10412971	10413676	0.0850699706934392	0.845851005520672	0.273957212688401	0.144515851279721	0.153413787204772	0.866720472322777	0.674230959936976	0.799710701974109
